name,description,type,category,lat,lng,address,phone,website,email,rating,visitor_count,opening_hours,entrance_fee,accessibility,best_time,visit_duration,highlights,facilities,special_features,seasonal_info,photography_allowed,social_media,last_updated,data_sources,web_scraped_data
what’s onawardsinfostayplayeatpamperonline travel and experience marketmeettravelsearchmenumenu,,,,,,,,,,,,,,,,,,,,,,,2025-07-11T20:49:26.903719,"synced_gallery,synced_gallery,synced_gallery,synced_gallery",{}
